theta,intensity
5.0000,5.492
5.0400,5.428
5.0800,5.322
5.1200,5.283
5.1600,5.391
5.2000,5.330
5.2400,5.266
5.2800,5.087
5.3200,5.198
5.3600,5.072
5.4000,4.968
5.4400,5.013
5.4800,4.789
5.5200,4.813
5.5600,4.834
5.6000,4.850
5.6400,4.675
5.6800,4.754
5.7200,4.696
5.7600,4.586
5.8000,4.499
5.8400,4.440
5.8800,4.392
5.9200,4.326
5.9600,4.384
6.0000,4.304
6.0400,4.340
6.0800,4.427
6.1200,4.280
6.1600,4.181
6.2000,4.124
6.2400,4.152
6.2800,4.030
6.3200,4.072
6.3600,4.127
6.4000,4.129
6.4400,4.102
6.4800,3.988
6.5200,4.072
6.5600,3.900
6.6000,3.961
6.6400,3.987
6.6800,3.897
6.7200,3.901
6.7600,4.006
6.8000,3.946
6.8400,3.983
6.8800,3.956
6.9200,3.963
6.9600,4.060
7.0000,3.919
7.0400,3.915
7.0800,3.991
7.1200,3.839
7.1600,3.946
7.2000,3.939
7.2400,3.922
7.2800,3.874
7.3200,3.983
7.3600,3.901
7.4000,3.879
7.4400,3.987
7.4800,3.938
7.5200,3.815
7.5600,3.826
7.6000,3.928
7.6400,3.753
7.6800,3.787
7.7200,3.842
7.7600,3.905
7.8000,3.787
7.8400,3.597
7.8800,3.759
7.9200,3.816
7.9600,3.829
8.0000,3.817
8.0400,3.864
8.0800,3.848
8.1200,3.741
8.1600,3.902
8.2000,3.772
8.2400,3.768
8.2800,3.718
8.3200,3.798
8.3600,3.730
8.4000,3.690
8.4400,3.759
8.4800,3.761
8.5200,3.773
8.5600,3.702
8.6000,3.712
8.6400,3.810
8.6800,3.662
8.7200,3.646
8.7600,3.601
8.8000,3.659
8.8400,3.646
8.8800,3.740
8.9200,3.768
8.9600,3.663
9.0000,3.688
9.0400,3.745
9.0800,3.681
9.1200,3.665
9.1600,3.564
9.2000,3.620
9.2400,3.606
9.2800,3.515
9.3200,3.591
9.3600,3.593
9.4000,3.618
9.4400,3.640
9.4800,3.587
9.5200,3.599
9.5600,3.700
9.6000,3.582
9.6400,3.540
9.6800,3.496
9.7200,3.505
9.7600,3.617
9.8000,3.567
9.8400,3.580
9.8800,3.601
9.9200,3.449
9.9600,3.527
10.0000,3.660
10.0400,3.584
10.0800,3.580
10.1200,3.470
10.1600,3.600
10.2000,3.495
10.2400,3.543
10.2800,3.542
10.3200,3.577
10.3600,3.641
10.4000,3.455
10.4400,3.515
10.4800,3.531
10.5200,3.525
10.5600,3.585
10.6000,3.520
10.6400,3.446
10.6800,3.557
10.7200,3.483
10.7600,3.379
10.8000,3.406
10.8400,3.417
10.8800,3.494
10.9200,3.386
10.9600,3.422
11.0000,3.428
11.0400,3.459
11.0800,3.404
11.1200,3.394
11.1600,3.498
11.2000,3.523
11.2400,3.407
11.2800,3.361
11.3200,3.430
11.3600,3.365
11.4000,3.464
11.4400,3.395
11.4800,3.482
11.5200,3.376
11.5600,3.493
11.6000,3.399
11.6400,3.269
11.6800,3.364
11.7200,3.371
11.7600,3.291
11.8000,3.419
11.8400,3.326
11.8800,3.359
11.9200,3.382
11.9600,3.211
12.0000,3.305
12.0400,3.265
12.0800,3.401
12.1200,3.260
12.1600,3.380
12.2000,3.401
12.2400,3.223
12.2800,3.253
12.3200,3.422
12.3600,3.281
12.4000,3.334
12.4400,3.342
12.4800,3.267
12.5200,3.267
12.5600,3.273
12.6000,3.434
12.6400,3.399
12.6800,3.257
12.7200,3.287
12.7600,3.448
12.8000,3.413
12.8400,3.261
12.8800,3.230
12.9200,3.295
12.9600,3.217
13.0000,3.187
13.0400,3.293
13.0800,3.254
13.1200,3.301
13.1600,3.264
13.2000,3.150
13.2400,3.224
13.2800,3.181
13.3200,3.203
13.3600,3.125
13.4000,3.218
13.4400,3.259
13.4800,3.187
13.5200,3.238
13.5600,3.175
13.6000,3.123
13.6400,3.219
13.6800,3.193
13.7200,3.199
13.7600,3.227
13.8000,3.211
13.8400,3.332
13.8800,3.071
13.9200,3.205
13.9600,3.222
14.0000,3.176
14.0400,3.201
14.0800,3.201
14.1200,3.133
14.1600,3.182
14.2000,3.171
14.2400,3.168
14.2800,3.058
14.3200,3.158
14.3600,3.129
14.4000,3.078
14.4400,3.079
14.4800,3.168
14.5200,3.229
14.5600,3.160
14.6000,3.075
14.6400,3.099
14.6800,3.039
14.7200,3.114
14.7600,3.186
14.8000,3.206
14.8400,3.000
14.8800,3.098
14.9200,3.130
14.9600,3.097
15.0000,3.076
15.0400,3.022
15.0800,3.093
15.1200,3.140
15.1600,3.032
15.2000,3.190
15.2400,3.004
15.2800,3.048
15.3200,3.002
15.3600,3.079
15.4000,3.035
15.4400,3.092
15.4800,3.142
15.5200,3.119
15.5600,3.037
15.6000,3.076
15.6400,3.107
15.6800,3.049
15.7200,2.983
15.7600,2.982
15.8000,2.950
15.8400,3.039
15.8800,3.066
15.9200,3.066
15.9600,3.029
16.0000,2.909
16.0400,3.011
16.0800,2.902
16.1200,3.018
16.1600,2.992
16.2000,2.937
16.2400,2.952
16.2800,2.908
16.3200,2.937
16.3600,2.925
16.4000,3.023
16.4400,2.950
16.4800,2.943
16.5200,2.988
16.5600,3.008
16.6000,2.968
16.6400,2.993
16.6800,2.973
16.7200,2.953
16.7600,2.916
16.8000,3.055
16.8400,2.993
16.8800,2.949
16.9200,2.936
16.9600,2.973
17.0000,2.876
17.0400,2.816
17.0800,2.960
17.1200,2.943
17.1600,2.871
17.2000,2.903
17.2400,2.882
17.2800,2.940
17.3200,2.887
17.3600,2.958
17.4000,3.022
17.4400,2.855
17.4800,2.937
17.5200,2.936
17.5600,2.903
17.6000,2.782
17.6400,2.930
17.6800,2.851
17.7200,2.849
17.7600,2.811
17.8000,2.892
17.8400,2.788
17.8800,2.816
17.9200,2.781
17.9600,2.821
18.0000,2.860
18.0400,2.835
18.0800,2.788
18.1200,2.799
18.1600,2.885
18.2000,2.702
18.2400,2.737
18.2800,2.801
18.3200,2.833
18.3600,2.787
18.4000,2.842
18.4400,2.698
18.4800,2.763
18.5200,2.829
18.5600,2.737
18.6000,2.712
18.6400,2.751
18.6800,2.826
18.7200,2.713
18.7600,2.725
18.8000,2.641
18.8400,2.740
18.8800,2.776
18.9200,2.666
18.9600,2.764
19.0000,2.755
19.0400,2.753
19.0800,2.667
19.1200,2.636
19.1600,2.758
19.2000,2.734
19.2400,2.733
19.2800,2.688
19.3200,2.672
19.3600,2.740
19.4000,2.741
19.4400,2.644
19.4800,2.776
19.5200,2.635
19.5600,2.732
19.6000,2.734
19.6400,2.601
19.6800,2.690
19.7200,2.665
19.7600,2.686
19.8000,2.573
19.8400,2.573
19.8800,2.708
19.9200,2.681
19.9600,2.543
20.0000,2.631
20.0400,2.643
20.0800,2.613
20.1200,2.633
20.1600,2.656
20.2000,2.688
20.2400,2.659
20.2800,2.538
20.3200,2.602
20.3600,2.734
20.4000,2.605
20.4400,2.577
20.4800,2.581
20.5200,2.643
20.5600,2.581
20.6000,2.556
20.6400,2.546
20.6800,2.512
20.7200,2.564
20.7600,2.616
20.8000,2.568
20.8400,2.555
20.8800,2.561
20.9200,2.586
20.9600,2.578
21.0000,2.513
21.0400,2.609
21.0800,2.649
21.1200,2.575
21.1600,2.556
21.2000,2.513
21.2400,2.585
21.2800,2.600
21.3200,2.616
21.3600,2.504
21.4000,2.534
21.4400,2.533
21.4800,2.467
21.5200,2.564
21.5600,2.571
21.6000,2.467
21.6400,2.460
21.6800,2.551
21.7200,2.440
21.7600,2.515
21.8000,2.531
21.8400,2.544
21.8800,2.477
21.9200,2.553
21.9600,2.555
22.0000,2.556
22.0400,2.474
22.0800,2.471
22.1200,2.526
22.1600,2.502
22.2000,2.486
22.2400,2.498
22.2800,2.538
22.3200,2.461
22.3600,2.401
22.4000,2.405
22.4400,2.592
22.4800,2.444
22.5200,2.566
22.5600,2.404
22.6000,2.397
22.6400,2.396
22.6800,2.464
22.7200,2.437
22.7600,2.490
22.8000,2.491
22.8400,2.428
22.8800,2.462
22.9200,2.496
22.9600,2.497
23.0000,2.426
23.0400,2.274
23.0800,2.403
23.1200,2.447
23.1600,2.371
23.2000,2.412
23.2400,2.375
23.2800,2.355
23.3200,2.393
23.3600,2.379
23.4000,2.434
23.4400,2.312
23.4800,2.413
23.5200,2.311
23.5600,2.331
23.6000,2.442
23.6400,2.330
23.6800,2.300
23.7200,2.301
23.7600,2.394
23.8000,2.297
23.8400,2.334
23.8800,2.384
23.9200,2.325
23.9600,2.337
24.0000,2.337
24.0400,2.329
24.0800,2.300
24.1200,2.347
24.1600,2.401
24.2000,2.393
24.2400,2.376
24.2800,2.293
24.3200,2.405
24.3600,2.339
24.4000,2.366
24.4400,2.309
24.4800,2.282
24.5200,2.340
24.5600,2.310
24.6000,2.191
24.6400,2.288
24.6800,2.320
24.7200,2.309
24.7600,2.276
24.8000,2.292
24.8400,2.287
24.8800,2.244
24.9200,2.325
24.9600,2.301
25.0000,2.204
25.0400,2.319
25.0800,2.333
25.1200,2.297
25.1600,2.340
25.2000,2.322
25.2400,2.271
25.2800,2.286
25.3200,2.241
25.3600,2.230
25.4000,2.218
25.4400,2.181
25.4800,2.302
25.5200,2.243
25.5600,2.168
25.6000,2.119
25.6400,2.218
25.6800,2.144
25.7200,2.247
25.7600,2.202
25.8000,2.075
25.8400,2.138
25.8800,2.159
25.9200,2.244
25.9600,2.229
26.0000,2.256
26.0400,2.247
26.0800,2.235
26.1200,2.189
26.1600,2.165
26.2000,2.126
26.2400,2.142
26.2800,2.186
26.3200,2.095
26.3600,2.180
26.4000,2.123
26.4400,2.133
26.4800,2.149
26.5200,2.061
26.5600,2.141
26.6000,2.195
26.6400,2.103
26.6800,2.107
26.7200,2.054
26.7600,2.093
26.8000,2.099
26.8400,2.186
26.8800,2.067
26.9200,2.092
26.9600,2.134
27.0000,2.009
27.0400,2.060
27.0800,2.031
27.1200,2.090
27.1600,2.124
27.2000,2.116
27.2400,1.991
27.2800,2.024
27.3200,2.091
27.3600,2.061
27.4000,2.086
27.4400,2.098
27.4800,2.084
27.5200,2.097
27.5600,2.025
27.6000,2.085
27.6400,2.065
27.6800,2.050
27.7200,2.076
27.7600,2.052
27.8000,2.074
27.8400,2.085
27.8800,1.985
27.9200,2.096
27.9600,2.011
28.0000,2.151
28.0400,2.000
28.0800,2.037
28.1200,2.103
28.1600,2.087
28.2000,2.124
28.2400,2.030
28.2800,2.162
28.3200,2.180
28.3600,2.153
28.4000,2.073
28.4400,2.063
28.4800,2.107
28.5200,2.012
28.5600,2.092
28.6000,2.058
28.6400,2.133
28.6800,2.083
28.7200,2.142
28.7600,2.064
28.8000,2.115
28.8400,1.951
28.8800,1.973
28.9200,2.093
28.9600,2.015
29.0000,2.096
29.0400,1.968
29.0800,1.952
29.1200,2.035
29.1600,1.917
29.2000,2.024
29.2400,1.972
29.2800,1.889
29.3200,1.945
29.3600,2.004
29.4000,1.996
29.4400,1.954
29.4800,1.971
29.5200,1.930
29.5600,1.963
29.6000,1.863
29.6400,1.815
29.6800,1.830
29.7200,1.896
29.7600,1.860
29.8000,1.848
29.8400,1.828
29.8800,1.908
29.9200,1.810
29.9600,1.901
30.0000,1.852
30.0400,1.873
30.0800,1.896
30.1200,1.907
30.1600,1.771
30.2000,1.776
30.2400,1.813
30.2800,1.803
30.3200,1.791
30.3600,1.853
30.4000,1.739
30.4400,1.803
30.4800,1.786
30.5200,1.739
30.5600,1.785
30.6000,1.820
30.6400,1.813
30.6800,1.761
30.7200,1.772
30.7600,1.728
30.8000,1.696
30.8400,1.810
30.8800,1.812
30.9200,1.783
30.9600,1.769
31.0000,1.749
31.0400,1.736
31.0800,1.783
31.1200,1.715
31.1600,1.691
31.2000,1.722
31.2400,1.714
31.2800,1.765
31.3200,1.700
31.3600,1.664
31.4000,1.661
31.4400,1.683
31.4800,1.702
31.5200,1.713
31.5600,1.733
31.6000,1.678
31.6400,1.626
31.6800,1.718
31.7200,1.661
31.7600,1.685
31.8000,1.703
31.8400,1.591
31.8800,1.640
31.9200,1.699
31.9600,1.739
32.0000,1.612
32.0400,1.654
32.0800,1.617
32.1200,1.640
32.1600,1.630
32.2000,1.661
32.2400,1.691
32.2800,1.701
32.3200,1.602
32.3600,1.703
32.4000,1.660
32.4400,1.638
32.4800,1.640
32.5200,1.618
32.5600,1.610
32.6000,1.653
32.6400,1.665
32.6800,1.648
32.7200,1.591
32.7600,1.556
32.8000,1.647
32.8400,1.575
32.8800,1.541
32.9200,1.557
32.9600,1.541
33.0000,1.634
33.0400,1.643
33.0800,1.510
33.1200,1.603
33.1600,1.530
33.2000,1.575
33.2400,1.627
33.2800,1.573
33.3200,1.497
33.3600,1.521
33.4000,1.574
33.4400,1.542
33.4800,1.568
33.5200,1.561
33.5600,1.658
33.6000,1.528
33.6400,1.551
33.6800,1.554
33.7200,1.586
33.7600,1.491
33.8000,1.590
33.8400,1.599
33.8800,1.534
33.9200,1.475
33.9600,1.516
34.0000,1.552
34.0400,1.532
34.0800,1.456
34.1200,1.486
34.1600,1.447
34.2000,1.575
34.2400,1.562
34.2800,1.513
34.3200,1.499
34.3600,1.505
34.4000,1.470
34.4400,1.482
34.4800,1.438
34.5200,1.446
34.5600,1.502
34.6000,1.503
34.6400,1.457
34.6800,1.484
34.7200,1.505
34.7600,1.391
34.8000,1.445
34.8400,1.424
34.8800,1.449
34.9200,1.419
34.9600,1.442
35.0000,1.466
35.0400,1.481
35.0800,1.449
35.1200,1.414
35.1600,1.490
35.2000,1.522
35.2400,1.477
35.2800,1.491
35.3200,1.402
35.3600,1.410
35.4000,1.436
35.4400,1.450
35.4800,1.440
35.5200,1.465
35.5600,1.407
35.6000,1.482
35.6400,1.435
35.6800,1.452
35.7200,1.435
35.7600,1.353
35.8000,1.503
35.8400,1.486
35.8800,1.420
35.9200,1.441
35.9600,1.435
36.0000,1.463
36.0400,1.390
36.0800,1.385
36.1200,1.398
36.1600,1.337
36.2000,1.391
36.2400,1.429
36.2800,1.428
36.3200,1.384
36.3600,1.404
36.4000,1.421
36.4400,1.458
36.4800,1.429
36.5200,1.449
36.5600,1.470
36.6000,1.401
36.6400,1.400
36.6800,1.398
36.7200,1.415
36.7600,1.494
36.8000,1.474
36.8400,1.426
36.8800,1.441
36.9200,1.467
36.9600,1.404
37.0000,1.457
37.0400,1.427
37.0800,1.452
37.1200,1.363
37.1600,1.418
37.2000,1.510
37.2400,1.449
37.2800,1.452
37.3200,1.438
37.3600,1.431
37.4000,1.437
37.4400,1.596
37.4800,1.507
37.5200,1.471
37.5600,1.504
37.6000,1.553
37.6400,1.532
37.6800,1.512
37.7200,1.549
37.7600,1.605
37.8000,1.658
37.8400,1.583
37.8800,1.612
37.9200,1.672
37.9600,1.717
38.0000,1.703
38.0400,1.767
38.0800,2.019
38.1200,2.001
38.1600,2.251
38.2000,2.292
38.2400,2.546
38.2800,2.747
38.3200,3.146
38.3600,3.495
38.4000,4.036
38.4400,4.473
38.4800,5.137
38.5200,5.895
38.5600,6.670
38.6000,7.348
38.6400,7.916
38.6800,8.750
38.7200,9.787
38.7600,10.638
38.8000,11.521
38.8400,12.387
38.8800,13.185
38.9200,13.370
38.9600,13.526
39.0000,13.577
39.0400,12.828
39.0800,12.100
39.1200,11.152
39.1600,10.536
39.2000,9.347
39.2400,8.408
39.2800,7.565
39.3200,6.583
39.3600,5.767
39.4000,4.957
39.4400,4.511
39.4800,3.985
39.5200,3.619
39.5600,3.332
39.6000,3.017
39.6400,2.886
39.6800,2.709
39.7200,2.568
39.7600,2.249
39.8000,2.277
39.8400,2.169
39.8800,2.115
39.9200,1.906
39.9600,1.880
40.0000,1.860
40.0400,1.762
40.0800,1.779
40.1200,1.663
40.1600,1.585
40.2000,1.575
40.2400,1.516
40.2800,1.539
40.3200,1.536
40.3600,1.534
40.4000,1.478
40.4400,1.568
40.4800,1.471
40.5200,1.383
40.5600,1.400
40.6000,1.326
40.6400,1.365
40.6800,1.411
40.7200,1.299
40.7600,1.327
40.8000,1.276
40.8400,1.235
40.8800,1.256
40.9200,1.305
40.9600,1.313
41.0000,1.311
41.0400,1.300
41.0800,1.223
41.1200,1.239
41.1600,1.242
41.2000,1.235
41.2400,1.293
41.2800,1.219
41.3200,1.277
41.3600,1.259
41.4000,1.216
41.4400,1.269
41.4800,1.335
41.5200,1.212
41.5600,1.202
41.6000,1.223
41.6400,1.205
41.6800,1.213
41.7200,1.156
41.7600,1.202
41.8000,1.192
41.8400,1.201
41.8800,1.201
41.9200,1.163
41.9600,1.188
42.0000,1.190
42.0400,1.185
42.0800,1.201
42.1200,1.189
42.1600,1.137
42.2000,1.083
42.2400,1.096
42.2800,1.155
42.3200,1.069
42.3600,1.124
42.4000,1.184
42.4400,1.150
42.4800,1.186
42.5200,1.137
42.5600,1.174
42.6000,1.142
42.6400,1.134
42.6800,1.131
42.7200,1.176
42.7600,1.110
42.8000,1.108
42.8400,1.100
42.8800,1.093
42.9200,1.138
42.9600,1.101
43.0000,1.160
43.0400,1.132
43.0800,1.159
43.1200,1.126
43.1600,1.098
43.2000,1.202
43.2400,1.171
43.2800,1.174
43.3200,1.138
43.3600,1.159
43.4000,1.148
43.4400,1.203
43.4800,1.145
43.5200,1.155
43.5600,1.168
43.6000,1.071
43.6400,1.141
43.6800,1.190
43.7200,1.152
43.7600,1.197
43.8000,1.219
43.8400,1.230
43.8800,1.241
43.9200,1.222
43.9600,1.217
44.0000,1.257
44.0400,1.220
44.0800,1.207
44.1200,1.261
44.1600,1.283
44.2000,1.290
44.2400,1.378
44.2800,1.410
44.3200,1.460
44.3600,1.491
44.4000,1.511
44.4400,1.653
44.4800,1.703
44.5200,1.796
44.5600,1.864
44.6000,2.015
44.6400,2.214
44.6800,2.298
44.7200,2.458
44.7600,2.678
44.8000,2.912
44.8400,3.130
44.8800,3.348
44.9200,3.599
44.9600,3.791
45.0000,3.938
45.0400,4.142
45.0800,4.354
45.1200,4.754
45.1600,4.775
45.2000,4.923
45.2400,5.000
45.2800,4.978
45.3200,5.100
45.3600,4.798
45.4000,4.558
45.4400,4.430
45.4800,4.232
45.5200,4.041
45.5600,3.885
45.6000,3.546
45.6400,3.258
45.6800,2.961
45.7200,2.744
45.7600,2.553
45.8000,2.381
45.8400,2.315
45.8800,2.175
45.9200,1.873
45.9600,1.775
46.0000,1.662
46.0400,1.617
46.0800,1.554
46.1200,1.498
46.1600,1.515
46.2000,1.429
46.2400,1.407
46.2800,1.299
46.3200,1.253
46.3600,1.193
46.4000,1.129
46.4400,1.194
46.4800,1.139
46.5200,1.102
46.5600,1.141
46.6000,1.096
46.6400,1.129
46.6800,1.103
46.7200,1.137
46.7600,1.021
46.8000,0.987
46.8400,0.966
46.8800,1.028
46.9200,0.985
46.9600,0.998
47.0000,0.980
47.0400,0.994
47.0800,0.952
47.1200,0.944
47.1600,1.000
47.2000,0.930
47.2400,1.006
47.2800,0.929
47.3200,0.928
47.3600,0.872
47.4000,0.859
47.4400,0.914
47.4800,0.914
47.5200,0.831
47.5600,0.930
47.6000,0.958
47.6400,0.849
47.6800,0.876
47.7200,0.872
47.7600,0.836
47.8000,0.882
47.8400,0.819
47.8800,0.877
47.9200,0.889
47.9600,0.834
48.0000,0.879
48.0400,0.815
48.0800,0.811
48.1200,0.888
48.1600,0.861
48.2000,0.809
48.2400,0.802
48.2800,0.928
48.3200,0.818
48.3600,0.785
48.4000,0.845
48.4400,0.839
48.4800,0.897
48.5200,0.822
48.5600,0.865
48.6000,0.824
48.6400,0.821
48.6800,0.808
48.7200,0.758
48.7600,0.761
48.8000,0.770
48.8400,0.862
48.8800,0.818
48.9200,0.796
48.9600,0.807
49.0000,0.814
49.0400,0.809
49.0800,0.749
49.1200,0.813
49.1600,0.816
49.2000,0.797
49.2400,0.800
49.2800,0.761
49.3200,0.765
49.3600,0.767
49.4000,0.819
49.4400,0.779
49.4800,0.770
49.5200,0.785
49.5600,0.808
49.6000,0.826
49.6400,0.747
49.6800,0.753
49.7200,0.801
49.7600,0.761
49.8000,0.760
49.8400,0.783
49.8800,0.753
49.9200,0.767
49.9600,0.786
50.0000,0.741
50.0400,0.798
50.0800,0.765
50.1200,0.736
50.1600,0.779
50.2000,0.739
50.2400,0.715
50.2800,0.745
50.3200,0.761
50.3600,0.766
50.4000,0.781
50.4400,0.739
50.4800,0.776
50.5200,0.748
50.5600,0.762
50.6000,0.714
50.6400,0.704
50.6800,0.754
50.7200,0.770
50.7600,0.762
50.8000,0.705
50.8400,0.757
50.8800,0.754
50.9200,0.735
50.9600,0.744
51.0000,0.732
51.0400,0.735
51.0800,0.705
51.1200,0.718
51.1600,0.711
51.2000,0.696
51.2400,0.741
51.2800,0.802
51.3200,0.751
51.3600,0.772
51.4000,0.728
51.4400,0.723
51.4800,0.691
51.5200,0.706
51.5600,0.738
51.6000,0.709
51.6400,0.705
51.6800,0.684
51.7200,0.746
51.7600,0.768
51.8000,0.730
51.8400,0.697
51.8800,0.694
51.9200,0.736
51.9600,0.655
52.0000,0.703
52.0400,0.690
52.0800,0.746
52.1200,0.719
52.1600,0.731
52.2000,0.691
52.2400,0.727
52.2800,0.677
52.3200,0.667
52.3600,0.731
52.4000,0.713
52.4400,0.674
52.4800,0.684
52.5200,0.735
52.5600,0.669
52.6000,0.718
52.6400,0.689
52.6800,0.689
52.7200,0.706
52.7600,0.689
52.8000,0.728
52.8400,0.714
52.8800,0.688
52.9200,0.678
52.9600,0.705
53.0000,0.665
53.0400,0.687
53.0800,0.671
53.1200,0.660
53.1600,0.669
53.2000,0.677
53.2400,0.648
53.2800,0.678
53.3200,0.649
53.3600,0.626
53.4000,0.698
53.4400,0.693
53.4800,0.643
53.5200,0.666
53.5600,0.664
53.6000,0.683
53.6400,0.636
53.6800,0.638
53.7200,0.680
53.7600,0.660
53.8000,0.672
53.8400,0.659
53.8800,0.673
53.9200,0.689
53.9600,0.628
54.0000,0.617
54.0400,0.625
54.0800,0.614
54.1200,0.632
54.1600,0.719
54.2000,0.661
54.2400,0.640
54.2800,0.625
54.3200,0.638
54.3600,0.644
54.4000,0.647
54.4400,0.692
54.4800,0.633
54.5200,0.668
54.5600,0.679
54.6000,0.689
54.6400,0.642
54.6800,0.590
54.7200,0.626
54.7600,0.672
54.8000,0.627
54.8400,0.642
54.8800,0.598
54.9200,0.599
54.9600,0.603
55.0000,0.613
55.0400,0.620
55.0800,0.661
55.1200,0.655
55.1600,0.603
55.2000,0.601
55.2400,0.594
55.2800,0.647
55.3200,0.638
55.3600,0.580
55.4000,0.600
55.4400,0.583
55.4800,0.576
55.5200,0.603
55.5600,0.632
55.6000,0.625
55.6400,0.613
55.6800,0.646
55.7200,0.604
55.7600,0.582
55.8000,0.586
55.8400,0.616
55.8800,0.618
55.9200,0.587
55.9600,0.633
56.0000,0.564
56.0400,0.585
56.0800,0.623
56.1200,0.602
56.1600,0.602
56.2000,0.596
56.2400,0.576
56.2800,0.587
56.3200,0.612
56.3600,0.587
56.4000,0.597
56.4400,0.653
56.4800,0.560
56.5200,0.586
56.5600,0.593
56.6000,0.551
56.6400,0.608
56.6800,0.586
56.7200,0.568
56.7600,0.624
56.8000,0.574
56.8400,0.553
56.8800,0.546
56.9200,0.570
56.9600,0.607
57.0000,0.575
57.0400,0.582
57.0800,0.599
57.1200,0.580
57.1600,0.640
57.2000,0.578
57.2400,0.566
57.2800,0.587
57.3200,0.638
57.3600,0.560
57.4000,0.582
57.4400,0.622
57.4800,0.568
57.5200,0.604
57.5600,0.594
57.6000,0.584
57.6400,0.565
57.6800,0.541
57.7200,0.567
57.7600,0.601
57.8000,0.554
57.8400,0.622
57.8800,0.554
57.9200,0.562
57.9600,0.554
58.0000,0.594
58.0400,0.580
58.0800,0.627
58.1200,0.583
58.1600,0.573
58.2000,0.530
58.2400,0.576
58.2800,0.544
58.3200,0.525
58.3600,0.532
58.4000,0.519
58.4400,0.545
58.4800,0.604
58.5200,0.555
58.5600,0.545
58.6000,0.536
58.6400,0.556
58.6800,0.569
58.7200,0.547
58.7600,0.548
58.8000,0.561
58.8400,0.566
58.8800,0.549
58.9200,0.553
58.9600,0.571
59.0000,0.555
59.0400,0.554
59.0800,0.548
59.1200,0.567
59.1600,0.525
59.2000,0.544
59.2400,0.592
59.2800,0.555
59.3200,0.509
59.3600,0.574
59.4000,0.559
59.4400,0.547
59.4800,0.550
59.5200,0.538
59.5600,0.580
59.6000,0.553
59.6400,0.529
59.6800,0.542
59.7200,0.538
59.7600,0.483
59.8000,0.572
59.8400,0.551
59.8800,0.523
59.9200,0.505
59.9600,0.566
60.0000,0.564
60.0400,0.546
60.0800,0.507
60.1200,0.475
60.1600,0.506
60.2000,0.519
60.2400,0.500
60.2800,0.499
60.3200,0.525
60.3600,0.570
60.4000,0.501
60.4400,0.545
60.4800,0.480
60.5200,0.519
60.5600,0.534
60.6000,0.519
60.6400,0.501
60.6800,0.505
60.7200,0.520
60.7600,0.479
60.8000,0.483
60.8400,0.517
60.8800,0.484
60.9200,0.502
60.9600,0.525
61.0000,0.515
61.0400,0.493
61.0800,0.490
61.1200,0.501
61.1600,0.451
61.2000,0.473
61.2400,0.489
61.2800,0.505
61.3200,0.493
61.3600,0.526
61.4000,0.505
61.4400,0.464
61.4800,0.472
61.5200,0.467
61.5600,0.448
61.6000,0.496
61.6400,0.536
61.6800,0.480
61.7200,0.511
61.7600,0.487
61.8000,0.482
61.8400,0.500
61.8800,0.487
61.9200,0.505
61.9600,0.546
62.0000,0.497
62.0400,0.472
62.0800,0.496
62.1200,0.511
62.1600,0.485
62.2000,0.460
62.2400,0.478
62.2800,0.479
62.3200,0.461
62.3600,0.457
62.4000,0.459
62.4400,0.457
62.4800,0.460
62.5200,0.468
62.5600,0.487
62.6000,0.459
62.6400,0.474
62.6800,0.441
62.7200,0.495
62.7600,0.476
62.8000,0.491
62.8400,0.473
62.8800,0.444
62.9200,0.507
62.9600,0.461
63.0000,0.478
63.0400,0.460
63.0800,0.467
63.1200,0.491
63.1600,0.478
63.2000,0.503
63.2400,0.445
63.2800,0.498
63.3200,0.503
63.3600,0.456
63.4000,0.457
63.4400,0.450
63.4800,0.442
63.5200,0.478
63.5600,0.494
63.6000,0.492
63.6400,0.449
63.6800,0.427
63.7200,0.453
63.7600,0.477
63.8000,0.490
63.8400,0.483
63.8800,0.447
63.9200,0.464
63.9600,0.483
64.0000,0.491
64.0400,0.472
64.0800,0.464
64.1200,0.451
64.1600,0.486
64.2000,0.495
64.2400,0.500
64.2800,0.504
64.3200,0.512
64.3600,0.511
64.4000,0.526
64.4400,0.495
64.4800,0.533
64.5200,0.567
64.5600,0.534
64.6000,0.554
64.6400,0.551
64.6800,0.534
64.7200,0.601
64.7600,0.644
64.8000,0.662
64.8400,0.618
64.8800,0.622
64.9200,0.695
64.9600,0.718
65.0000,0.792
65.0400,0.792
65.0800,0.844
65.1200,0.918
65.1600,0.936
65.2000,1.024
65.2400,0.985
65.2800,1.042
65.3200,1.082
65.3600,1.149
65.4000,1.187
65.4400,1.261
65.4800,1.280
65.5200,1.361
65.5600,1.362
65.6000,1.476
65.6400,1.516
65.6800,1.538
65.7200,1.669
65.7600,1.666
65.8000,1.763
65.8400,1.970
65.8800,1.837
65.9200,1.900
65.9600,1.890
66.0000,1.841
66.0400,1.877
66.0800,1.886
66.1200,1.747
66.1600,1.736
66.2000,1.730
66.2400,1.690
66.2800,1.640
66.3200,1.606
66.3600,1.450
66.4000,1.402
66.4400,1.348
66.4800,1.255
66.5200,1.211
66.5600,1.117
66.6000,1.112
66.6400,1.033
66.6800,0.952
66.7200,0.979
66.7600,0.889
66.8000,0.811
66.8400,0.769
66.8800,0.733
66.9200,0.717
66.9600,0.688
67.0000,0.661
67.0400,0.665
67.0800,0.574
67.1200,0.596
67.1600,0.562
67.2000,0.571
67.2400,0.585
67.2800,0.571
67.3200,0.559
67.3600,0.541
67.4000,0.537
67.4400,0.521
67.4800,0.486
67.5200,0.483
67.5600,0.498
67.6000,0.481
67.6400,0.463
67.6800,0.481
67.7200,0.474
67.7600,0.465
67.8000,0.467
67.8400,0.485
67.8800,0.462
67.9200,0.433
67.9600,0.445
68.0000,0.442
68.0400,0.435
68.0800,0.454
68.1200,0.430
68.1600,0.405
68.2000,0.425
68.2400,0.407
68.2800,0.385
68.3200,0.425
68.3600,0.403
68.4000,0.407
68.4400,0.424
68.4800,0.402
68.5200,0.368
68.5600,0.371
68.6000,0.412
68.6400,0.407
68.6800,0.412
68.7200,0.413
68.7600,0.425
68.8000,0.388
68.8400,0.430
68.8800,0.407
68.9200,0.415
68.9600,0.357
69.0000,0.417
69.0400,0.403
69.0800,0.380
69.1200,0.358
69.1600,0.355
69.2000,0.391
69.2400,0.404
69.2800,0.406
69.3200,0.374
69.3600,0.364
69.4000,0.361
69.4400,0.349
69.4800,0.365
69.5200,0.388
69.5600,0.378
69.6000,0.363
69.6400,0.355
69.6800,0.375
69.7200,0.387
69.7600,0.386
69.8000,0.380
69.8400,0.345
69.8800,0.355
69.9200,0.344
69.9600,0.353
70.0000,0.367
70.0400,0.348
70.0800,0.338
70.1200,0.346
70.1600,0.390
70.2000,0.326
70.2400,0.332
70.2800,0.373
70.3200,0.372
70.3600,0.349
70.4000,0.362
70.4400,0.395
70.4800,0.384
70.5200,0.357
70.5600,0.382
70.6000,0.348
70.6400,0.392
70.6800,0.349
70.7200,0.327
70.7600,0.342
70.8000,0.342
70.8400,0.343
70.8800,0.370
70.9200,0.328
70.9600,0.350
71.0000,0.375
71.0400,0.352
71.0800,0.355
71.1200,0.343
71.1600,0.370
71.2000,0.331
71.2400,0.329
71.2800,0.349
71.3200,0.355
71.3600,0.352
71.4000,0.335
71.4400,0.327
71.4800,0.351
71.5200,0.341
71.5600,0.354
71.6000,0.332
71.6400,0.338
71.6800,0.325
71.7200,0.331
71.7600,0.319
71.8000,0.327
71.8400,0.336
71.8800,0.390
71.9200,0.333
71.9600,0.354
72.0000,0.325
72.0400,0.373
72.0800,0.327
72.1200,0.331
72.1600,0.336
72.2000,0.343
72.2400,0.318
72.2800,0.317
72.3200,0.337
72.3600,0.324
72.4000,0.328
72.4400,0.354
72.4800,0.301
72.5200,0.318
72.5600,0.343
72.6000,0.349
72.6400,0.345
72.6800,0.355
72.7200,0.337
72.7600,0.287
72.8000,0.346
72.8400,0.353
72.8800,0.334
72.9200,0.309
72.9600,0.309
73.0000,0.323
73.0400,0.318
73.0800,0.315
73.1200,0.353
73.1600,0.335
73.2000,0.303
73.2400,0.317
73.2800,0.319
73.3200,0.323
73.3600,0.349
73.4000,0.310
73.4400,0.313
73.4800,0.290
73.5200,0.336
73.5600,0.291
73.6000,0.281
73.6400,0.310
73.6800,0.330
73.7200,0.325
73.7600,0.349
73.8000,0.321
73.8400,0.308
73.8800,0.340
73.9200,0.310
73.9600,0.304
74.0000,0.337
74.0400,0.335
74.0800,0.300
74.1200,0.320
74.1600,0.322
74.2000,0.301
74.2400,0.308
74.2800,0.330
74.3200,0.322
74.3600,0.338
74.4000,0.309
74.4400,0.297
74.4800,0.317
74.5200,0.281
74.5600,0.311
74.6000,0.300
74.6400,0.339
74.6800,0.354
74.7200,0.318
74.7600,0.359
74.8000,0.312
74.8400,0.317
74.8800,0.314
74.9200,0.329
74.9600,0.353
75.0000,0.319
75.0400,0.303
75.0800,0.285
75.1200,0.275
75.1600,0.315
75.2000,0.325
75.2400,0.292
75.2800,0.332
75.3200,0.316
75.3600,0.290
75.4000,0.329
75.4400,0.326
75.4800,0.298
75.5200,0.297
75.5600,0.320
75.6000,0.361
75.6400,0.320
75.6800,0.312
75.7200,0.343
75.7600,0.319
75.8000,0.325
75.8400,0.276
75.8800,0.259
75.9200,0.333
75.9600,0.333
76.0000,0.318
76.0400,0.309
76.0800,0.318
76.1200,0.338
76.1600,0.333
76.2000,0.326
76.2400,0.302
76.2800,0.313
76.3200,0.341
76.3600,0.337
76.4000,0.342
76.4400,0.301
76.4800,0.304
76.5200,0.323
76.5600,0.336
76.6000,0.325
76.6400,0.311
76.6800,0.340
76.7200,0.333
76.7600,0.317
76.8000,0.349
76.8400,0.302
76.8800,0.351
76.9200,0.329
76.9600,0.347
77.0000,0.315
77.0400,0.334
77.0800,0.343
77.1200,0.326
77.1600,0.322
77.2000,0.388
77.2400,0.299
77.2800,0.344
77.3200,0.352
77.3600,0.308
77.4000,0.375
77.4400,0.398
77.4800,0.374
77.5200,0.369
77.5600,0.383
77.6000,0.391
77.6400,0.414
77.6800,0.416
77.7200,0.446
77.7600,0.431
77.8000,0.406
77.8400,0.419
77.8800,0.432
77.9200,0.475
77.9600,0.497
78.0000,0.503
78.0400,0.528
78.0800,0.556
78.1200,0.563
78.1600,0.609
78.2000,0.555
78.2400,0.667
78.2800,0.640
78.3200,0.676
78.3600,0.714
78.4000,0.756
78.4400,0.726
78.4800,0.718
78.5200,0.804
78.5600,0.910
78.6000,0.873
78.6400,0.970
78.6800,0.980
78.7200,1.019
78.7600,1.051
78.8000,0.995
78.8400,1.144
78.8800,1.122
78.9200,1.218
78.9600,1.273
79.0000,1.265
79.0400,1.279
79.0800,1.280
79.1200,1.400
79.1600,1.397
79.2000,1.495
79.2400,1.463
79.2800,1.476
79.3200,1.515
79.3600,1.558
79.4000,1.562
79.4400,1.438
79.4800,1.498
79.5200,1.470
79.5600,1.351
79.6000,1.385
79.6400,1.320
79.6800,1.308
79.7200,1.282
79.7600,1.243
79.8000,1.204
79.8400,1.118
79.8800,1.157
79.9200,1.070
79.9600,1.006
80.0000,1.034
